1
164
0 43
0 42
1 53
1 43
2 64
2 62
3 52
3 36
4 60
4 34
5 44
5 36
6 63
6 38
7 37
7 36
8 42
8 34
9 35
9 45
10 39
10 52
11 42
11 54
12 35
12 57
13 59
13 44
14 58
14 55
15 34
15 51
16 50
16 54
17 58
17 56
18 40
18 59
19 40
19 41
20 50
20 60
21 57
21 62
22 56
22 44
23 54
23 53
24 57
24 54
25 59
25 37
26 41
26 42
27 35
27 54
28 54
28 58
29 61
29 48
30 42
30 48
31 48
31 49
32 38
32 52
33 34
34 35
35 36
35 82
36 37
36 71
36 87
36 92
37 38
37 66
37 67
37 69
38 39
38 79
38 98
39 40
39 84
39 85
40 41
40 76
41 42
41 77
42 43
42 94
43 44
43 68
43 76
44 45
45 46
46 47
46 70
46 78
46 79
46 83
46 86
46 98
47 48
47 66
47 73
47 88
47 95
48 49
48 67
48 75
48 83
49 50
49 89
49 90
50 51
50 75
51 52
51 72
51 85
51 93
52 53
52 80
52 81
52 91
52 97
53 54
53 70
53 71
54 55
54 78
54 88
55 56
55 77
56 57
56 73
57 58
57 93
58 59
58 89
58 91
59 60
59 84
59 87
59 96
60 61
60 69
60 95
61 62
61 74
61 90
61 92
61 97
62 63
62 72
62 74
62 82
63 64
63 81
63 94
64 65
64 68
64 80
64 86
64 96
