3
144
0 1
1 2
2 3
3 4
4 5
5 6
6 7
7 8
9 10
10 11
11 12
12 13
13 14
14 15
15 16
16 17
18 19
19 20
20 21
21 22
22 23
23 24
24 25
25 26
27 28
28 29
29 30
30 31
31 32
32 33
33 34
34 35
36 37
37 38
38 39
39 40
40 41
41 42
42 43
43 44
45 46
46 47
47 48
48 49
49 50
50 51
51 52
52 53
54 55
55 56
56 57
57 58
58 59
59 60
60 61
61 62
63 64
64 65
65 66
66 67
67 68
68 69
69 70
70 71
72 73
73 74
74 75
75 76
76 77
77 78
78 79
79 80
0 9
9 18
18 27
27 36
36 45
45 54
54 63
63 72
1 10
10 19
19 28
28 37
37 46
46 55
55 64
64 73
2 11
11 20
20 29
29 38
38 47
47 56
56 65
65 74
3 12
12 21
21 30
30 39
39 48
48 57
57 66
66 75
4 13
13 22
22 31
31 40
40 49
49 58
58 67
67 76
5 14
14 23
23 32
32 41
41 50
50 59
59 68
68 77
6 15
15 24
24 33
33 42
42 51
51 60
60 69
69 78
7 16
16 25
25 34
34 43
43 52
52 61
61 70
70 79
8 17
17 26
26 35
35 44
44 53
53 62
62 71
71 80
164
0 43
0 42
1 53
1 43
2 64
2 62
3 52
3 36
4 60
4 34
5 44
5 36
6 63
6 38
7 37
7 36
8 42
8 34
9 35
9 45
10 39
10 52
11 42
11 54
12 35
12 57
13 59
13 44
14 58
14 55
15 34
15 51
16 50
16 54
17 58
17 56
18 40
18 59
19 40
19 41
20 50
20 60
21 57
21 62
22 56
22 44
23 54
23 53
24 57
24 54
25 59
25 37
26 41
26 42
27 35
27 54
28 54
28 58
29 61
29 48
30 42
30 48
31 48
31 49
32 38
32 52
33 34
34 35
35 36
35 82
36 37
36 71
36 87
36 92
37 38
37 66
37 67
37 69
38 39
38 79
38 98
39 40
39 84
39 85
40 41
40 76
41 42
41 77
42 43
42 94
43 44
43 68
43 76
44 45
45 46
46 47
46 70
46 78
46 79
46 83
46 86
46 98
47 48
47 66
47 73
47 88
47 95
48 49
48 67
48 75
48 83
49 50
49 89
49 90
50 51
50 75
51 52
51 72
51 85
51 93
52 53
52 80
52 81
52 91
52 97
53 54
53 70
53 71
54 55
54 78
54 88
55 56
55 77
56 57
56 73
57 58
57 93
58 59
58 89
58 91
59 60
59 84
59 87
59 96
60 61
60 69
60 95
61 62
61 74
61 90
61 92
61 97
62 63
62 72
62 74
62 82
63 64
63 81
63 94
64 65
64 68
64 80
64 86
64 96
74
1 3
2 3
3 4
4 5
5 6
2 9
3 10
4 11
6 13
7 8
8 9
9 10
11 12
13 14
7 16
5 17
9 18
11 20
12 21
15 16
16 17
17 18
19 20
20 21
15 24
17 26
19 28
20 29
21 30
22 31
23 24
25 26
26 27
28 29
29 30
30 31
31 32
23 34
26 37
27 38
28 39
31 42
33 34
34 35
35 36
37 38
39 40
40 41
34 43
35 44
36 45
41 50
44 45
46 47
48 49
49 50
50 51
44 52
45 53
46 54
47 55
49 56
50 57
52 53
54 55
53 58
55 60
58 59
59 60
59 62
60 63
61 62
62 63
62 64